INFO:root:FST-PSO object created.
INFO:root:Search space set (68 dimensions).
INFO:root:Swarm size set to 20 particles.
DEBUG:h5py._conv:Creating converter from 3 to 5
INFO:root: * 20 particles created.
INFO:root:Launching optimization.
INFO:root:[Iteration 1] best individual fitness: 264.998847
INFO:root:[Iteration 1] best individual structure: [36.35027954300373, 28.643637883588003, 34.118030728907, 37.996206543417216, 27.652007991450347, 32.29411879417541, 25.736377131054272, 35.67270857989754, 36.11199444221991, 28.32309183361669, 33.98621379336387, 36.53098266739831, 38.44039692225584, 32.88766769552159, 33.33680003035558, 25.629285680488298, 37.34049097274391, 33.54791062258767, 28.76134724923914, 30.140960869843216, 39.120021735601036, 37.82602494807506, 32.54356862129054, 31.207777139485987, 32.003642954290655, 36.31877145564377, 33.57406967727304, 35.00215706339094, 35.724471245250854, 33.804003816588775, 35.75562455996996, 31.952040435290414, 29.29405788041829, 36.833319924509176, 54.48613893863808, 50.88841782586606, 49.62099778156316, 57.14511856289491, 56.460945748832266, 58.980233856149496, 60.07832948783915, 51.53026651296971, 51.60944724298724, 53.04695747237668, 51.16426564415591, 50.31919007470085, 47.434280577358564, 49.25036944568707, 45.89335471881015, 57.16359254668067, 60.40276970318251, 50.433143627039144, 50.31779595659436, 56.6764396561896, 44.9896854096496, 55.64632006297804, 52.46992969916924, 50.079086418307696, 48.4021507364157, 56.22653090506113, 60.08366670682388, 47.81566926621329, 45.37852525707313, 56.99922176527456, 50.482107933991315, 54.21741537489173, 60.46925491271924, 49.166490044374676]
INFO:root:[Iteration 2] best individual fitness: 263.936563
INFO:root:[Iteration 2] best individual structure: [36.27101252671753, 28.966766698552394, 34.701953581631166, 38.004590699424476, 27.57254113421477, 32.309228712641, 25.813000071250066, 35.62375936647853, 35.84960639643803, 28.311862038942685, 34.02393473389421, 36.598287694100925, 38.64394073297538, 32.790832851224714, 33.26351549276103, 25.601132057622902, 37.319203036773345, 33.54062004145308, 29.051302842533932, 30.084962643721223, 39.25224433471323, 37.77024100877026, 32.56032517338354, 31.20918981036203, 32.05205604537909, 36.07687992910764, 33.57119901972265, 34.975953247634834, 35.84614994208132, 33.76940910648794, 35.744302149975795, 32.28031866885195, 29.312053858998873, 36.91029205396685, 54.47566785032076, 50.878824433866455, 49.63846371034221, 57.15026103843303, 56.45648922446129, 59.02475349447656, 60.08154684077414, 51.53817071563115, 51.624844634364216, 53.08873616298961, 51.211573816192995, 50.11379943358906, 47.69345861818066, 49.20775831567891, 45.804491746124654, 57.174535866963325, 60.40011582675755, 50.432166054168725, 50.31838453509761, 56.58931531049287, 44.59788679898747, 55.607205190506875, 52.55343456938198, 50.161122021359304, 48.71499259039862, 56.1866382659276, 60.00591918235098, 47.66678593713545, 45.38086444687145, 57.0433552995767, 50.55681315675944, 54.19053721813263, 60.46049392744512, 48.587007616449256]
INFO:root:Best solution: 36.27101252671753	28.966766698552394	34.701953581631166	38.004590699424476	27.57254113421477	32.309228712641	25.813000071250066	35.62375936647853	35.84960639643803	28.311862038942685	34.02393473389421	36.598287694100925	38.64394073297538	32.790832851224714	33.26351549276103	25.601132057622902	37.319203036773345	33.54062004145308	29.051302842533932	30.084962643721223	39.25224433471323	37.77024100877026	32.56032517338354	31.20918981036203	32.05205604537909	36.07687992910764	33.57119901972265	34.975953247634834	35.84614994208132	33.76940910648794	35.744302149975795	32.28031866885195	29.312053858998873	36.91029205396685	54.47566785032076	50.878824433866455	49.63846371034221	57.15026103843303	56.45648922446129	59.02475349447656	60.08154684077414	51.53817071563115	51.624844634364216	53.08873616298961	51.211573816192995	50.11379943358906	47.69345861818066	49.20775831567891	45.804491746124654	57.174535866963325	60.40011582675755	50.432166054168725	50.31838453509761	56.58931531049287	44.59788679898747	55.607205190506875	52.55343456938198	50.161122021359304	48.71499259039862	56.1866382659276	60.00591918235098	47.66678593713545	45.38086444687145	57.0433552995767	50.55681315675944	54.19053721813263	60.46049392744512	48.587007616449256
INFO:root:Fitness of best solution: 263.9365628604383
